Threads 2
Enter size of matrix. Enter N and M
 Matrix for erosion

93.830002 8.860000 27.770000 69.150002 77.930000 83.349998 53.860001 4.920000 66.489998 14.210000 
23.620001 0.270000 86.900002 0.590000 77.629997 39.259998 5.400000 34.259998 91.720001 57.360001 
52.110001 53.680000 25.670000 64.290001 57.820000 15.300000 28.620001 51.230000 40.669998 31.350000 
39.290001 98.019997 40.220001 30.580000 30.690001 81.669998 13.930000 84.559998 50.110001 80.419998 
62.290001 73.730003 44.209999 49.189999 37.840000 85.370003 51.980000 43.240002 83.150002 43.700001 
64.129997 35.259998 60.910000 89.800003 99.559998 18.730000 68.620003 91.699997 69.959999 72.809998 
23.049999 9.250000 70.839996 63.270000 3.360000 65.050003 8.460000 17.290001 13.130000 58.570000 
61.240002 38.950001 95.820000 5.450000 88.139999 33.669998 54.340000 3.640000 40.430000 37.500000 
10.870000 68.080002 72.760002 71.779999 57.880001 35.840000 54.029999 26.510000 27.540001 23.990000 
99.320000 50.599998 96.760002 33.680000 77.389999 0.120000 62.259998 85.860001 80.940002 75.389999 

Matrix for dilatation

93.830002 8.860000 27.770000 69.150002 77.930000 83.349998 53.860001 4.920000 66.489998 14.210000 
23.620001 0.270000 86.900002 0.590000 77.629997 39.259998 5.400000 34.259998 91.720001 57.360001 
52.110001 53.680000 25.670000 64.290001 57.820000 15.300000 28.620001 51.230000 40.669998 31.350000 
39.290001 98.019997 40.220001 30.580000 30.690001 81.669998 13.930000 84.559998 50.110001 80.419998 
62.290001 73.730003 44.209999 49.189999 37.840000 85.370003 51.980000 43.240002 83.150002 43.700001 
64.129997 35.259998 60.910000 89.800003 99.559998 18.730000 68.620003 91.699997 69.959999 72.809998 
23.049999 9.250000 70.839996 63.270000 3.360000 65.050003 8.460000 17.290001 13.130000 58.570000 
61.240002 38.950001 95.820000 5.450000 88.139999 33.669998 54.340000 3.640000 40.430000 37.500000 
10.870000 68.080002 72.760002 71.779999 57.880001 35.840000 54.029999 26.510000 27.540001 23.990000 
99.320000 50.599998 96.760002 33.680000 77.389999 0.120000 62.259998 85.860001 80.940002 75.389999 

Enter your K
 
ITERATION 5

Matrix for erosion

93.505394 8.535400 27.445400 68.825394 77.605392 83.025391 53.535400 4.595400 66.165390 13.885401 
23.295401 0.036900 86.575394 0.265400 77.305389 38.935398 5.075400 33.935398 91.395393 57.035400 
51.785400 53.355400 25.345400 63.965397 57.495399 14.975401 28.295401 50.905399 40.345398 31.025400 
38.965401 97.695389 39.895401 30.255400 30.365400 81.345390 13.605401 84.235390 49.785400 80.095390 
61.965401 73.405396 43.885399 48.865398 37.515400 85.045395 51.655399 42.915401 82.825394 43.375401 
63.805393 34.935398 60.585400 89.475395 99.235390 18.405399 68.295395 91.375389 69.635391 72.485390 
22.725399 8.925401 70.515388 62.945400 3.035400 64.725395 8.135401 16.965401 12.805401 58.245399 
60.915401 38.625401 95.495392 5.125400 87.815392 33.345398 54.015400 3.315400 40.105400 37.175400 
10.545401 67.755394 72.435394 71.455391 57.555401 35.515400 53.705399 26.185400 27.215401 23.665400 
98.995392 50.275398 96.435394 33.355400 77.065392 0.000000 61.935398 85.535393 80.615395 75.065392 

Matrix for dilatation

3180.189941 3095.219971 3114.129883 3155.509766 3164.290039 3169.709961 3140.219971 3091.279785 3152.849854 3100.569824 
3109.979980 3086.629883 3173.259766 3086.949951 3163.989990 3125.619873 3091.759766 3120.619873 3178.080078 3143.719971 
3138.469971 3140.040039 3112.029785 3150.649902 3144.179932 3101.659912 3114.979980 3137.589844 3127.029785 3117.709961 
3125.649902 3184.379883 3126.580078 3116.939941 3117.049805 3168.029785 3100.290039 3170.919922 3136.469971 3166.779785 
3148.649902 3160.089844 3130.569824 3135.549805 3124.199951 3171.729980 3138.339844 3129.599854 3169.509766 3130.060059 
3150.489990 3121.619873 3147.270020 3176.159912 3185.919922 3105.089844 3154.979980 3178.060059 3156.319824 3159.169922 
3109.409912 3095.609863 3157.199951 3149.629883 3089.719971 3151.409912 3094.819824 3103.649902 3099.489990 3144.929932 
3147.599854 3125.310059 3182.179932 3091.810059 3174.500000 3120.029785 3140.699951 3090.000000 3126.790039 3123.859863 
3097.229980 3154.439941 3159.119873 3158.139893 3144.239990 3122.199951 3140.389893 3112.869873 3113.899902 3110.349854 
3185.679932 3136.959961 3183.119873 3120.040039 3163.750000 3086.479980 3148.619873 3172.219971 3167.299805 3161.750000 

