2 4
1.000000 2.000000 3.000000 4.000000 
5.250000 0.700000 4.000000 4.000000


hreads 3
Enter size of matrix. Enter N and M
 Matrix for erosion

1.000000 2.000000 0.500000 5.000000 8.500000 
7.500000 5.550000 0.200000 1.000000 8.000000 
1.000000 5.000000 6.000000 8.000000 9.000000 
10.000000 0.200000 10.000000 2.000000 3.000000 
6.000000 6.000000 6.000000 6.000000 6.000000 

Matrix for dilatation

1.000000 2.000000 0.500000 5.000000 8.500000 
7.500000 5.550000 0.200000 1.000000 8.000000 
1.000000 5.000000 6.000000 8.000000 9.000000 
10.000000 0.200000 10.000000 2.000000 3.000000 
6.000000 6.000000 6.000000 6.000000 6.000000 

Enter your K
 
ITERATION 3

Matrix for erosion

0.000000 1.000000 1.500000 4.000000 7.500000 
6.500000 4.550000 2.200000 0.000000 7.000000 
0.000000 4.000000 5.000000 7.000000 8.000000 
9.000000 0.200000 9.000000 1.000000 2.000000 
5.000000 5.000000 5.000000 5.000000 5.000000 

Matrix for dilatation

71.000000 72.000000 70.500000 75.000000 78.500000 
77.500000 75.550003 70.199997 71.000000 78.000000 
71.000000 75.000000 76.000000 78.000000 79.000000 
80.000000 70.199997 80.000000 72.000000 73.000000 
76.000000 76.000000 76.000000 76.000000 76.000000 



1

5 5
1.0 2.0 0.5 5.0 8.5
7.5 5.55 0.2 1 8
1 5 6 8 9
10 0.2 10 2 3
6 6 6 6 6

2

3 2
0 0
0 0
0 0

3

3 3
1 0 0
0 1 0
0 0 1

4

4 4
1 1 1 1
1 1 1 1
1 1 1 1
1 1 1 1

5

3 3
1 -2.5 5
5.5 2 3
-3.5 4 4

6

3 4
-5 -2 -6 -8
-0.7 -1 -1 -2
-4 -1.8 -5.5 -2




10 10
93.830002	8.860000	27.770000	69.150002	77.930000	83.349998	53.860001	4.920000	66.489998	14.210000	
23.620001	0.270000	86.900002	0.590000	77.629997	39.259998	5.400000	34.259998	91.720001	57.360001	
52.110001	53.680000	25.670000	64.290001	57.820000	15.300000	28.620001	51.230000	40.669998	31.350000	
39.290001	98.019997	40.220001	30.580000	30.690001	81.669998	13.930000	84.559998	50.110001	80.419998	
62.290001	73.730003	44.209999	49.189999	37.840000	85.370003	51.980000	43.240002	83.150002	43.700001	
64.129997	35.259998	60.910000	89.800003	99.559998	18.730000	68.620003	91.699997	69.959999	72.809998	
23.049999	9.250000	70.839996	63.270000	3.360000	65.050003	8.460000	17.290001	13.130000	58.570000	
61.240002	38.950001	95.820000	5.450000	88.139999	33.669998	54.340000	3.640000	40.430000	37.500000	
10.870000	68.080002	72.760002	71.779999	57.880001	35.840000	54.029999	26.510000	27.540001	23.990000	
99.320000	50.599998	96.760002	33.680000	77.389999	0.120000	62.259998	85.860001	80.940002	75.389999	